   6.682303e-01    8.062140e-01    1.754543e-01    8.842090e-01   -7.223602e-01    1.833683e-01    4.942136e-01    1.422867e+00    1.000000e+00
  -8.413092e-01   -1.104226e+00   -1.270079e-01    5.074095e-01   -7.223602e-01   -6.978551e-01   -3.509936e-01   -1.994421e-01    0.000000e+00
  -8.413092e-01   -9.829284e-01   -1.270079e-01    1.306099e-01    1.151478e-01   -5.090215e-01   -9.144650e-01   -1.053289e+00    0.000000e+00
   3.663224e-01   -1.641683e-01    2.762750e-01   -1.313789e+00   -7.223602e-01   -8.237442e-01   -8.103453e-01   -2.848268e-01    0.000000e+00
  -2.374934e-01   -1.316497e+00   -9.335739e-01    6.958093e-01    6.168989e-02   -1.439433e-01   -6.664151e-01   -6.263656e-01    1.000000e+00
   1.875862e+00   -1.944928e-01   -3.454092e+00   -1.313789e+00   -7.223602e-01    3.973797e-01   -1.015522e+00   -3.702115e-01    0.000000e+00
  -5.394013e-01    2.292112e+00    7.463354e-02    1.512208e+00    4.115585e+00   -2.068878e-01   -9.420261e-01    1.679021e+00    1.000000e+00
   1.272046e+00    1.087517e-01    1.385303e+00   -1.313789e+00   -7.223602e-01   -4.046504e+00   -7.154126e-01    1.764406e+00    1.000000e+00
   6.441449e-02   -3.461150e-01    1.183662e+00   -1.313789e+00   -7.223602e-01    6.869245e-01   -8.409687e-01   -2.848268e-01    0.000000e+00
   1.875862e+00    1.412703e+00    2.762750e-01   -1.313789e+00   -7.223602e-01    7.372801e-01    2.186026e-01    5.671190e-02    1.000000e+00
   1.875862e+00    5.332939e-01    5.787372e-01   -1.313789e+00   -7.223602e-01   -6.349106e-01    2.986962e+00    2.020560e+00    0.000000e+00
   9.701382e-01   -6.493595e-01   -3.454092e+00   -1.313789e+00   -7.223602e-01   -2.698323e-01    5.629828e-02   -1.140575e-01    1.000000e+00
  -1.143217e+00   -1.035194e-01    7.803787e-01    1.637808e+00    1.326862e+00    1.719215e+00    2.614754e-01   -1.994421e-01    1.000000e+00
   9.701382e-01   -4.370884e-01    2.762750e-01   -1.313789e+00   -7.223602e-01   -3.201880e-01   -6.480410e-01   -1.994421e-01    1.000000e+00
  -8.413092e-01   -5.583861e-01   -1.941781e+00    1.072609e+00    1.714159e-02    1.404492e+00   -8.654675e-01   -2.867278e-02    0.000000e+00
  -8.413092e-01   -1.944928e-01    7.463354e-02    5.702094e-01    1.329672e-01    3.092573e-01    1.941038e-01   -1.140575e-01    1.000000e+00
   1.272046e+00   -6.796839e-01    7.803787e-01   -1.313789e+00   -7.223602e-01    4.099686e-01   -2.376868e-01    1.422867e+00    0.000000e+00
   9.701382e-01    2.261787e+00    1.082841e+00   -1.313789e+00   -7.223602e-01    9.638804e-01   -4.475909e-02    6.544047e-01    1.000000e+00
   1.573954e+00   -7.319500e-02    5.787372e-01    8.842090e-01   -7.223602e-01   -3.957214e-01   -6.204799e-01   -3.702115e-01    1.000000e+00
  -8.413092e-01   -7.403328e-01   -1.270079e-01   -3.717896e-01    5.249922e-01   -1.125878e+00    6.548532e-02   -9.679043e-01    0.000000e+00
   2.781586e+00    7.152406e-01    6.795580e-01   -1.205898e-01    2.577024e-01   -1.251767e+00   -6.756021e-01    2.020560e+00    0.000000e+00
   3.663224e-01   -3.764395e-01    3.266854e-01    3.190097e-01   -7.223602e-01    4.855020e-01    2.461637e-01    2.276714e+00    0.000000e+00
  -2.374934e-01    1.109458e+00    3.770958e-01    9.470090e-01    1.460506e+00   -6.840984e-02    1.180179e+00   -4.555962e-01    1.000000e+00
  -2.374934e-01   -1.013253e+00   -5.302909e-01   -6.229893e-01   -2.412385e-01   -9.244554e-01   -6.082305e-01   -9.679043e-01    0.000000e+00
   6.682303e-01   -8.919551e-01    1.183662e+00   -1.313789e+00   -7.223602e-01   -1.541312e+00   -8.501558e-01   -4.555962e-01    0.000000e+00
   6.441449e-02   -5.583861e-01   -4.294702e-01    7.586092e-01    9.882945e-01   -1.025167e+00    1.532348e+00   -2.867278e-02    0.000000e+00
   1.573954e+00   -5.887106e-01    3.770958e-01    1.009809e+00   -7.223602e-01    9.524593e-02    6.105827e-01    1.081328e+00    1.000000e+00
  -5.394013e-01   -9.526040e-01   -2.618721e-02    1.323809e+00   -7.223602e-01    7.624579e-01    1.144828e-01   -5.409809e-01    1.000000e+00
   6.441449e-02   -3.157906e-01    1.754543e-01    1.637808e+00    1.121939e+00    6.239800e-01    2.830783e+00    1.935175e+00    1.000000e+00
  -2.374934e-01    1.776596e+00   -2.278287e-01    2.562097e-01   -9.868399e-02    2.337239e-01   -5.959811e-01   -6.263656e-01    0.000000e+00
   9.701382e-01   -4.674128e-01    1.183662e+00   -1.833898e-01   -7.223602e-01   -1.188822e+00   -7.062256e-01    1.252097e+00    0.000000e+00
   1.573954e+00    1.503676e+00    2.091048e+00    1.934098e-01    1.415958e+00    1.668859e+00    7.820740e-01    1.764406e+00    1.000000e+00
   9.701382e-01    1.139783e+00   -2.278287e-01   -1.313789e+00   -7.223602e-01   -5.971439e-01   -5.255472e-01    5.690200e-01    0.000000e+00
  -1.143217e+00    1.776596e+00   -1.270079e-01    1.135409e+00   -7.223602e-01    1.240836e+00    4.371142e+00   -7.117502e-01    1.000000e+00
  -8.413092e-01    7.455651e-01   -6.311117e-01   -1.313789e+00   -7.223602e-01   -3.075991e-01    3.012859e-01   -3.702115e-01    0.000000e+00
   9.701382e-01   -5.583861e-01   -1.270079e-01    6.958093e-01   -7.223602e-01    8.757581e-01   -3.724300e-01   -1.994421e-01    1.000000e+00
   9.701382e-01   -4.977373e-01   -3.454092e+00   -1.313789e+00   -7.223602e-01   -4.046504e+00   -4.918614e-01   -7.971349e-01    0.000000e+00
  -8.413092e-01   -6.190350e-01   -9.335739e-01   -3.717896e-01   -4.016124e-01   -9.999889e-01    1.849168e-01   -6.263656e-01    0.000000e+00
   1.272046e+00    1.655298e+00    1.082841e+00    8.214091e-01    1.950538e+00    1.959572e-01    4.238421e-03    2.105944e+00    1.000000e+00
   9.701382e-01    1.988867e+00   -2.618721e-02    1.135409e+00    1.986176e+00    6.995134e-01   -6.480410e-01    6.544047e-01    1.000000e+00
  -1.143217e+00   -6.493595e-01    9.820202e-01    2.454207e+00    2.577024e-01    1.845104e+00    1.520099e+00   -1.994421e-01    0.000000e+00
  -1.143217e+00    7.455651e-01    6.795580e-01   -1.313789e+00   -7.223602e-01    1.052003e+00    4.028159e+00    9.105587e-01    0.000000e+00
  -1.143217e+00   -4.977373e-01   -2.278287e-01    1.261009e+00    5.428115e-01    1.177892e+00   -8.960909e-01   -9.679043e-01    0.000000e+00
  -5.394013e-01   -1.134551e+00   -3.454092e+00   -1.313789e+00   -7.223602e-01   -4.046504e+00   -4.949238e-01   -1.053289e+00    0.000000e+00
   1.272046e+00    3.513473e-01    1.754543e-01   -1.313789e+00   -7.223602e-01    9.524593e-02   -5.990435e-01    4.836353e-01    1.000000e+00
   3.663224e-01   -2.347529e+00   -3.286494e-01   -1.313789e+00   -7.223602e-01   -8.992776e-01    3.717198e-01    2.274813e-01    0.000000e+00
  -5.394013e-01    5.939428e-01   -5.302909e-01    8.214091e-01    4.180763e-01   -8.489220e-01    7.147024e-01   -7.971349e-01    0.000000e+00
   9.701382e-01   -2.248172e-01   -1.270079e-01   -1.313789e+00   -7.223602e-01    8.265703e-02   -6.357916e-01    7.397894e-01    1.000000e+00
  -1.143217e+00   -3.764395e-01    9.820202e-01    5.702094e-01   -7.223602e-01    4.489031e-02    1.192428e+00    3.982506e-01    1.000000e+00
  -5.394013e-01   -3.764395e-01    1.183662e+00   -1.313789e+00   -7.223602e-01    1.328959e+00    1.161805e+00    1.764406e+00    0.000000e+00
  -8.413092e-01   -8.009817e-01   -1.270079e-01   -4.973894e-01   -3.837931e-01   -1.579079e+00   -4.030534e-01   -7.117502e-01    0.000000e+00
   6.441449e-02    7.455651e-01    8.307891e-01    3.818096e-01    1.686058e-01   -4.083103e-01   -8.470934e-01   -5.409809e-01    0.000000e+00
   2.781586e+00    1.390761e-01    1.082841e+00   -1.313789e+00   -7.223602e-01    1.417081e+00    3.594704e-01    7.397894e-01    1.000000e+00
   6.441449e-02    2.300495e-01    8.811995e-01   -5.778992e-02    1.683248e+00    3.722019e-01   -7.184749e-01   -8.825196e-01    0.000000e+00
  -8.413092e-01   -3.681804e+00   -1.034395e+00   -5.778992e-02   -7.223602e-01   -9.370443e-01   -9.971483e-01   -9.679043e-01    0.000000e+00
  -1.143217e+00    2.906984e-01   -3.454092e+00   -1.313789e+00   -7.223602e-01    1.391903e+00   -5.990435e-01   -6.263656e-01    1.000000e+00
  -5.394013e-01   -2.854661e-01   -1.270079e-01    6.780994e-02   -7.223602e-01   -8.992776e-01   -4.857367e-01   -7.971349e-01    0.000000e+00
  -5.394013e-01   -1.437795e+00   -3.454092e+00   -1.313789e+00   -7.223602e-01   -4.046504e+00   -1.113517e+00   -9.679043e-01    0.000000e+00
   9.701382e-01   -1.164875e+00    4.779165e-01    3.190097e-01   -8.977433e-02   -3.579547e-01    9.229418e-01    2.274813e-01    0.000000e+00
  -5.394013e-01   -3.461150e-01    2.762750e-01    5.074095e-01    3.913473e-01    3.230140e-02    7.116400e-01   -5.409809e-01    0.000000e+00
   2.781586e+00   -4.674128e-01    1.754543e-01    2.077408e+00   -7.223602e-01    5.610354e-01   -8.807792e-01    9.959434e-01    0.000000e+00
  -5.394013e-01   -6.493595e-01   -2.618721e-02    2.562097e-01   -8.977433e-02    8.002247e-01   -4.336769e-01   -6.263656e-01    0.000000e+00
   3.385401e+00    4.423206e-01    7.463354e-02    6.958093e-01    2.577024e-01    6.239800e-01   -9.573378e-01    8.251740e-01    1.000000e+00
  -8.413092e-01   -4.370884e-01   -2.618721e-02   -1.205898e-01   -7.223602e-01   -7.104440e-01   -9.205897e-01   -7.971349e-01    0.000000e+00
  -8.413092e-01   -1.255848e+00   -6.815220e-01   -1.313789e+00   -7.223602e-01   -1.642023e+00   -6.357916e-01   -1.053289e+00    0.000000e+00
   6.441449e-02    4.810279e-02    5.787372e-01   -3.717896e-01    8.457399e-01   -1.805422e-02   -6.925785e-02    5.671190e-02    0.000000e+00
   9.701382e-01   -1.225524e+00    4.779165e-01    1.198209e+00   -2.946965e-01    1.832515e+00   -6.266046e-01    7.397894e-01    0.000000e+00
   6.441449e-02    3.816717e-01    1.754543e-01   -1.313789e+00   -7.223602e-01   -1.050344e+00   -5.776071e-01    2.276714e+00    1.000000e+00
   6.682303e-01    6.849162e-01    1.754543e-01    3.818096e-01    1.309042e+00    2.211350e-01   -6.449787e-01    5.690200e-01    0.000000e+00
  -5.394013e-01   -8.919551e-01   -3.286494e-01    4.446095e-01   -7.223602e-01   -6.840984e-02   -1.027772e+00   -7.971349e-01    0.000000e+00
  -8.413092e-01   -1.528768e+00   -1.034395e+00   -1.833898e-01   -4.522603e-02   -1.478367e+00   -4.367392e-01   -9.679043e-01    0.000000e+00
   6.682303e-01   -8.616306e-01   -9.335739e-01    5.702094e-01   -1.521419e-01   -4.334881e-01   -3.356818e-01   -8.825196e-01    0.000000e+00
  -8.413092e-01    1.777834e-02    1.082841e+00    1.889008e+00    1.237765e+00    2.210182e+00   -4.306145e-01   -1.994421e-01    1.000000e+00
  -8.413092e-01    8.971873e-01   -4.294702e-01   -1.313789e+00   -7.223602e-01   -7.607997e-01   -8.777169e-01   -9.679043e-01    0.000000e+00
  -8.413092e-01   -1.225524e+00    1.754543e-01   -1.833898e-01   -3.659738e-01   -6.978551e-01   -5.592330e-01   -7.971349e-01    0.000000e+00
  -5.394013e-01   -1.104226e+00   -1.774183e-01   -1.313789e+00   -7.223602e-01    9.387026e-01    1.422104e+00   -5.409809e-01    0.000000e+00
  -8.413092e-01    1.390761e-01   -6.311117e-01    5.074095e-01    6.319081e-01   -4.334881e-01    1.027062e+00   -1.053289e+00    0.000000e+00
  -8.413092e-01   -7.706573e-01    2.695973e+00   -1.313789e+00   -7.223602e-01   -1.226589e+00   -7.919712e-01   -5.409809e-01    0.000000e+00
   6.441449e-02    6.849162e-01   -5.302909e-01    4.446095e-01    5.249922e-01   -3.327769e-01   -5.469836e-01    3.128660e-01    0.000000e+00
  -2.374934e-01   -1.164875e+00   -5.302909e-01    6.330093e-01   -5.619863e-01    2.714906e-01   -3.969287e-01   -7.117502e-01    0.000000e+00
  -1.143217e+00   -8.009817e-01    8.307891e-01    2.562097e-01   -4.016124e-01    6.617467e-01   -6.694774e-01   -7.971349e-01    1.000000e+00
  -2.374934e-01    1.503676e+00    1.754543e-01    7.586092e-01    4.804439e-01    1.456016e-01   -8.164700e-01   -7.971349e-01    1.000000e+00
   1.272046e+00    1.018485e+00   -3.286494e-01    3.190097e-01    3.687921e+00    2.337239e-01    2.369766e-01    1.081328e+00    1.000000e+00
  -8.413092e-01   -9.829284e-01    3.770958e-01    8.214091e-01   -3.927028e-01   -1.187655e-01   -8.379064e-01   -8.825196e-01    0.000000e+00
   6.441449e-02   -1.377146e+00   -3.286494e-01   -1.313789e+00   -7.223602e-01    2.337239e-01   -2.284998e-01   -7.117502e-01    0.000000e+00
   9.701382e-01    1.170107e+00   -7.319324e-01    6.958093e-01    8.368303e-01   -2.068878e-01    3.747821e-01    4.836353e-01    1.000000e+00
   6.441449e-02    7.455651e-01    1.183662e+00   -1.313789e+00   -7.223602e-01   -1.187655e-01    2.247272e-01    2.362098e+00    1.000000e+00
   3.663224e-01    7.842723e-02    2.762750e-01   -1.313789e+00   -7.223602e-01    2.337239e-01   -7.521607e-01    3.982506e-01    1.000000e+00
   3.663224e-01   -1.316497e+00   -1.034395e+00   -1.313789e+00   -7.223602e-01    1.959572e-01    5.768969e-01   -7.117502e-01    0.000000e+00
   6.441449e-02   -7.403328e-01   -4.294702e-01    1.306099e-01   -7.223602e-01   -4.964326e-01   -6.925785e-02   -9.679043e-01    0.000000e+00
   6.441449e-02   -6.796839e-01    3.770958e-01   -3.717896e-01   -2.679675e-01   -1.125878e+00   -7.429737e-01   -1.053289e+00    0.000000e+00
  -1.143217e+00    1.230756e+00    3.770958e-01    2.203008e+00    1.686058e-01    2.650794e+00    8.984431e-01   -7.117502e-01    1.000000e+00
   6.682303e-01   -3.157906e-01   -2.278287e-01    1.135409e+00   -7.223602e-01    2.589017e-01   -6.296669e-01   -7.971349e-01    0.000000e+00
  -8.413092e-01   -1.013253e+00   -1.941781e+00    1.323809e+00    1.596961e-01    2.877394e+00    9.304642e-02   -6.263656e-01    1.000000e+00
  -2.374934e-01   -4.287055e-02    7.463354e-02    5.702094e-01    4.804439e-01    1.354137e+00   -4.169675e-02   -2.848268e-01    0.000000e+00
  -8.413092e-01   -1.035194e-01   -5.302909e-01    9.470090e-01    1.151478e-01    1.456016e-01   -6.266046e-01   -8.825196e-01    0.000000e+00
  -8.413092e-01   -1.338439e-01    9.820202e-01    1.934098e-01    5.695405e-01    2.966684e-01   -1.917516e-01    5.690200e-01    1.000000e+00
  -1.143217e+00   -4.977373e-01    7.803787e-01   -1.313789e+00   -7.223602e-01   -5.341994e-01    8.433209e-01    2.447483e+00    1.000000e+00
   6.441449e-02    1.564325e+00    7.463354e-02   -4.345895e-01    7.744627e-01   -3.075991e-01   -3.203701e-01   -2.867278e-02    1.000000e+00
  -2.374934e-01    1.473352e+00   -2.278287e-01    1.009809e+00    1.282313e+00    2.966684e-01   -3.356818e-01   -2.848268e-01    1.000000e+00
  -5.394013e-01    1.087517e-01   -4.294702e-01   -5.778992e-02    5.249922e-01    2.085461e-01   -1.156390e+00   -1.994421e-01    0.000000e+00
  -1.143217e+00   -6.493595e-01    7.463354e-02    3.190097e-01   -2.768772e-01   -1.691211e-01    4.023432e-01   -1.053289e+00    0.000000e+00
  -1.143217e+00   -8.616306e-01   -4.294702e-01    2.562097e-01    9.732853e-02   -4.334881e-01    2.032908e-01   -9.679043e-01    0.000000e+00
  -1.143217e+00    2.300495e-01    5.787372e-01   -1.313789e+00   -7.223602e-01   -1.187655e-01    7.269518e-01   -3.702115e-01    0.000000e+00
  -2.374934e-01    1.997250e-01    4.779165e-01   -1.313789e+00   -7.223602e-01   -1.390245e+00   -6.051682e-01    1.849790e+00    0.000000e+00
   3.663224e-01   -4.674128e-01    6.795580e-01    5.702094e-01   -7.223602e-01    9.261137e-01   -5.500460e-01    3.982506e-01    0.000000e+00
  -5.394013e-01   -4.067639e-01   -8.327531e-01    3.190097e-01   -1.610516e-01    4.489031e-02   -4.520509e-01   -9.679043e-01    0.000000e+00
   1.875862e+00   -4.067639e-01   -1.270079e-01   -1.313789e+00   -7.223602e-01    3.230140e-02   -5.929188e-01    7.397894e-01    1.000000e+00
   6.441449e-02    9.881606e-01   -3.286494e-01    6.330093e-01    1.807983e+00    8.265703e-02   -7.001009e-01   -8.825196e-01    0.000000e+00
   1.573954e+00   -1.953311e+00    5.787372e-01    1.009809e+00   -7.223602e-01    8.265703e-02   -1.131891e+00    6.544047e-01    0.000000e+00
  -5.394013e-01   -4.674128e-01   -2.278287e-01    8.842090e-01    3.378893e-01   -2.068878e-01    2.861406e+00    5.671190e-02    0.000000e+00
   3.663224e-01    7.758895e-01    4.779165e-01   -1.313789e+00   -7.223602e-01    1.959572e-01   -7.582854e-01    2.703637e+00    0.000000e+00
  -8.413092e-01    9.578362e-01    6.795580e-01    1.323809e+00    3.598825e+00    1.064592e+00    6.779543e-01   -8.825196e-01    0.000000e+00
   1.272046e+00    2.019192e+00    4.779165e-01   -1.313789e+00   -7.223602e-01    1.983582e+00   -1.006335e+00    8.251740e-01    1.000000e+00
   9.701382e-01    9.275117e-01    9.820202e-01    1.449408e+00   -7.223602e-01    2.247949e+00   -3.938664e-01    2.274813e-01    1.000000e+00
  -8.413092e-01   -3.764395e-01   -6.311117e-01    5.010013e-03    4.804439e-01   -8.740998e-01    1.125057e+00   -8.825196e-01    0.000000e+00
  -5.394013e-01   -1.013253e+00    2.762750e-01   -1.205898e-01   -2.501482e-01   -3.957214e-01   -7.245996e-01   -9.679043e-01    0.000000e+00
   3.989217e+00    1.261081e+00    1.754543e-01    1.261009e+00    2.933410e-01    1.102358e+00    1.076059e+00    1.166713e+00    1.000000e+00
   6.441449e-02    8.971873e-01    1.082841e+00    1.072609e+00   -7.223602e-01   -3.075991e-01   -5.255472e-01    2.274813e-01    0.000000e+00
   9.701382e-01   -5.887106e-01    2.762750e-01    1.198209e+00    2.131541e-01    6.365689e-01   -8.011582e-01    9.959434e-01    0.000000e+00
  -1.143217e+00   -2.248172e-01    5.787372e-01    8.214091e-01    1.816893e+00    1.517792e+00   -9.144650e-01   -5.409809e-01    0.000000e+00
  -5.394013e-01   -6.493595e-01   -2.278287e-01    1.306099e-01   -7.223602e-01   -3.075991e-01   -2.989337e-01   -1.053289e+00    0.000000e+00
  -1.143217e+00    2.906984e-01    9.820202e-01   -1.313789e+00   -7.223602e-01   -6.840984e-02    8.494456e-01   -1.140575e-01    1.000000e+00
   6.682303e-01   -5.280617e-01    2.762750e-01   -1.833898e-01    6.675468e-01   -2.824212e-01    7.851363e-01    6.544047e-01    1.000000e+00
  -2.374934e-01    8.062140e-01   -1.270079e-01    2.562097e-01   -7.223602e-01    4.489031e-02   -6.419163e-01   -9.679043e-01    0.000000e+00
   6.682303e-01    3.816717e-01    7.463354e-02    1.306099e-01    4.358956e-01    4.099686e-01    2.339143e-01   -3.702115e-01    1.000000e+00
  -5.394013e-01   -1.043577e+00   -3.454092e+00    1.306099e-01   -7.223602e-01   -4.083103e-01    9.413159e-01   -7.117502e-01    0.000000e+00
  -5.394013e-01   -1.407471e+00   -2.278287e-01    1.934098e-01   -2.323289e-01   -3.075991e-01   -2.928090e-01   -2.867278e-02    0.000000e+00
   6.682303e-01   -1.104226e+00    4.779165e-01   -1.313789e+00   -7.223602e-01   -1.187655e-01   -2.560609e-01    7.397894e-01    0.000000e+00
   3.663224e-01    2.603739e-01    6.795580e-01   -1.313789e+00   -7.223602e-01    8.757581e-01    1.501725e+00    3.128660e-01    1.000000e+00
   3.663224e-01   -1.468120e+00   -4.294702e-01   -1.313789e+00   -7.223602e-01   -6.726773e-01   -6.051682e-01   -5.409809e-01    0.000000e+00
   6.441449e-02    5.939428e-01    2.762750e-01   -1.313789e+00   -7.223602e-01   -5.719661e-01   -6.786644e-01    5.690200e-01    0.000000e+00
   9.701382e-01    2.201139e+00   -2.618721e-02    4.446095e-01   -7.223602e-01    4.729131e-01    8.555702e-01    6.544047e-01    1.000000e+00
   1.272046e+00    1.806921e+00   -2.618721e-02    9.470090e-01    3.687921e+00   -2.572434e-01    4.574654e-01    2.276714e+00    1.000000e+00
  -8.413092e-01    1.997250e-01    1.486124e+00    1.261009e+00   -2.055999e-01   -1.805422e-02    2.619481e+00   -2.867278e-02    1.000000e+00
   1.272046e+00   -3.764395e-01    3.770958e-01    1.135409e+00    2.933410e-01   -5.341994e-01    5.340241e-01   -1.994421e-01    1.000000e+00
   3.663224e-01    5.332939e-01    5.787372e-01    8.842090e-01    7.031854e-01   -6.840984e-02   -3.203701e-01   -7.117502e-01    1.000000e+00
   9.701382e-01    1.139783e+00   -1.270079e-01   -1.313789e+00   -7.223602e-01   -2.194767e-01   -2.529985e-01    2.274813e-01    1.000000e+00
   2.177770e+00    4.119961e-01   -3.454092e+00   -1.313789e+00   -7.223602e-01    2.537494e+00    3.441587e-01    5.690200e-01    1.000000e+00
   1.272046e+00   -1.104226e+00   -6.815220e-01   -5.778992e-02   -7.223602e-01   -9.748111e-01   -1.009398e+00    7.397894e-01    0.000000e+00
   3.663224e-01    1.109458e+00    7.803787e-01    1.261009e+00    1.148668e+00    9.135248e-01   -2.162504e-01   -3.702115e-01    1.000000e+00
  -8.413092e-01   -4.977373e-01   -5.302909e-01   -1.313789e+00   -7.223602e-01   -9.874000e-01   -8.532181e-01   -1.053289e+00    0.000000e+00
  -2.374934e-01   -4.370884e-01   -3.286494e-01   -4.973894e-01   -2.946965e-01   -1.163645e+00    6.503932e-01   -8.825196e-01    1.000000e+00
   6.441449e-02   -3.764395e-01   -2.278287e-01    1.449408e+00    1.596961e-01    3.344351e-01    1.345545e+00   -6.263656e-01    1.000000e+00
   6.441449e-02    8.062140e-01   -4.294702e-01    3.818096e-01    2.110912e+00   -1.565322e-01   -9.665249e-01   -3.702115e-01    1.000000e+00
  -8.413092e-01    5.029695e-01    6.795580e-01   -1.313789e+00   -7.223602e-01    1.001647e+00   -7.031632e-01   -4.555962e-01    0.000000e+00
  -1.143217e+00   -4.067639e-01   -2.618721e-02   -5.778992e-02   -7.223602e-01   -6.097328e-01    9.841887e-01   -1.140575e-01    0.000000e+00
  -5.394013e-01   -6.796839e-01    7.463354e-02   -3.089896e-01   -3.303351e-01   -1.478367e+00   -7.062256e-01   -5.409809e-01    0.000000e+00
   3.663224e-01   -3.157906e-01    1.754543e-01    4.446095e-01   -7.223602e-01   -1.037756e+00   -1.795023e-01   -5.409809e-01    0.000000e+00
   3.663224e-01    1.230756e+00    1.788586e+00   -1.313789e+00   -7.223602e-01    6.995134e-01   -9.634625e-01    1.593636e+00    1.000000e+00
  -8.413092e-01   -7.706573e-01   -2.278287e-01    3.818096e-01    5.278023e-02    1.330126e-01   -5.408589e-01   -1.053289e+00    0.000000e+00
   9.701382e-01    1.897894e+00    7.803787e-01    7.586092e-01   -7.223602e-01    4.225575e-01   -3.387442e-01    6.544047e-01    1.000000e+00
  -5.394013e-01   -1.225524e+00   -4.294702e-01    6.780994e-02   -7.223602e-01   -5.593772e-01   -5.377966e-01   -7.117502e-01    0.000000e+00
   9.701382e-01    1.746272e+00    1.334893e+00    6.330093e-01   -7.223602e-01    2.589017e-01   -9.236520e-01    2.276714e+00    0.000000e+00
  -1.143217e+00    5.636184e-01   -1.774183e-01    3.190097e-01    4.358956e-01    1.316370e+00   -1.060060e-01   -7.971349e-01    1.000000e+00
   1.573954e+00   -2.854661e-01    6.795580e-01    6.958093e-01    8.368303e-01    2.589017e-01   -6.296669e-01    2.274813e-01    1.000000e+00
   2.479678e+00    8.971873e-01    7.463354e-02    1.198209e+00    1.692158e+00    1.215659e+00    8.463832e-01    3.982506e-01    1.000000e+00
   3.663224e-01   -3.764395e-01   -3.286494e-01    1.261009e+00    4.269859e-01    4.603242e-01    1.481686e-01   -7.117502e-01    1.000000e+00
   3.663224e-01   -1.104226e+00    2.762750e-01    6.780994e-02   -7.223602e-01   -3.957214e-01    2.322433e+00   -1.140575e-01    1.000000e+00
   3.663224e-01   -2.854661e-01   -1.270079e-01   -1.313789e+00   -7.223602e-01    7.121023e-01   -6.266046e-01    6.544047e-01    1.000000e+00
  -1.143217e+00    1.685623e+00   -4.294702e-01    5.074095e-01    3.536457e+00    3.092573e-01    1.856957e+00   -1.053289e+00    1.000000e+00
  -5.394013e-01    1.109458e+00    1.082841e+00   -1.313789e+00   -7.223602e-01   -6.840984e-02    1.039311e+00    2.789022e+00    1.000000e+00
   9.701382e-01   -7.319500e-02   -3.454092e+00   -1.313789e+00   -7.223602e-01   -8.740998e-01   -7.858465e-01    3.128660e-01    0.000000e+00
   9.701382e-01    6.242673e-01   -4.294702e-01    7.586092e-01    9.704752e-01   -4.208992e-01    6.779543e-01    2.362098e+00    0.000000e+00
  -8.413092e-01   -6.493595e-01   -1.270079e-01   -3.717896e-01   -2.234192e-01   -1.075522e+00    6.136450e-01   -6.263656e-01    0.000000e+00
  -8.413092e-01   -1.043577e+00    4.779165e-01    3.818096e-01   -4.372511e-01    3.092573e-01   -1.116580e+00   -9.679043e-01    0.000000e+00
  -1.143217e+00   -6.190350e-01    3.770958e-01   -1.313789e+00   -7.223602e-01    4.477353e-01   -8.195323e-01   -6.263656e-01    0.000000e+00
  -1.143217e+00   -1.338439e-01    5.787372e-01    6.330093e-01   -2.501482e-01    1.643681e+00   -1.153328e+00   -7.971349e-01    0.000000e+00
   6.441449e-02    6.242673e-01    8.811995e-01   -1.313789e+00   -7.223602e-01    1.492614e+00    5.493358e-01   -9.679043e-01    1.000000e+00
   6.682303e-01    3.816717e-01    5.787372e-01    1.009809e+00    2.574214e+00    1.769570e+00   -6.970385e-01    1.081328e+00    1.000000e+00
  -8.413092e-01   -1.286173e+00    5.787372e-01    2.562097e-01   -3.927028e-01   -8.489220e-01    3.594704e-01   -9.679043e-01    0.000000e+00
   6.441449e-02    1.777834e-02   -2.618721e-02   -1.313789e+00   -7.223602e-01    3.596130e-01   -2.193127e-01   -3.702115e-01    0.000000e+00
  -2.374934e-01   -1.437795e+00   -2.618721e-02    4.446095e-01   -3.214255e-01   -3.075991e-01   -5.286096e-01   -8.825196e-01    0.000000e+00
   6.441449e-02    1.503676e+00    1.754543e-01   -1.313789e+00   -7.223602e-01    1.442259e+00    4.098656e-02   -6.263656e-01    1.000000e+00
   9.701382e-01    1.806921e+00    7.803787e-01    5.010013e-03    9.882945e-01    4.729131e-01    3.686574e-01    1.508252e+00    1.000000e+00
  -1.143217e+00    1.746272e+00    1.082841e+00    3.818096e-01   -7.223602e-01    1.505203e+00    6.748919e-01   -8.825196e-01    1.000000e+00
   1.573954e+00    1.291405e+00    7.803787e-01    5.010013e-03   -7.223602e-01   -1.691211e-01    1.118932e+00   -1.140575e-01    1.000000e+00
  -1.143217e+00   -5.280617e-01    3.770958e-01   -1.313789e+00   -7.223602e-01   -1.730145e+00    3.564081e-01   -5.409809e-01    0.000000e+00
  -2.374934e-01    5.332939e-01   -7.319324e-01   -1.313789e+00   -7.223602e-01   -8.237442e-01   -1.948140e-01   -9.679043e-01    1.000000e+00
  -5.394013e-01    7.455651e-01    3.770958e-01    8.842090e-01    1.006114e+00    7.624579e-01   -4.183651e-01   -3.702115e-01    0.000000e+00
  -1.143217e+00    1.321730e+00    1.082841e+00    7.586092e-01    5.336208e+00    2.537494e+00   -1.182554e-01   -8.825196e-01    0.000000e+00
   1.573954e+00    7.842723e-02    7.463354e-02    7.586092e-01    2.859323e+00    4.099686e-01   -5.622953e-01    5.671190e-02    0.000000e+00
  -8.413092e-01   -3.157906e-01    8.811995e-01   -1.205898e-01   -7.223602e-01   -2.572434e-01   -9.879613e-01   -8.825196e-01    0.000000e+00
   1.573954e+00   -4.674128e-01   -8.327531e-01   -1.313789e+00   -7.223602e-01   -1.187655e-01   -2.621856e-01    7.397894e-01    0.000000e+00
  -5.394013e-01   -9.526040e-01    5.787372e-01   -4.345895e-01   -2.323289e-01   -9.748111e-01   -6.633527e-01   -7.971349e-01    0.000000e+00
   2.479678e+00   -8.919551e-01   -3.286494e-01   -8.741890e-01    1.576332e+00   -5.719661e-01    1.409855e+00    9.105587e-01    1.000000e+00
  -8.413092e-01   -2.551417e-01   -2.278287e-01    8.842090e-01   -7.223602e-01    1.833683e-01    2.369766e-01   -1.053289e+00    1.000000e+00
  -2.374934e-01   -3.157906e-01   -6.311117e-01    1.135409e+00   -7.223602e-01   -2.572434e-01    2.798494e-01   -2.848268e-01    0.000000e+00
  -8.413092e-01    2.170814e+00   -9.335739e-01   -3.089896e-01    2.618762e+00   -7.859775e-01    5.799592e-01   -7.971349e-01    0.000000e+00
   2.177770e+00    1.018485e+00    3.770958e-01    4.446095e-01    6.140888e-01    1.456016e-01    2.717476e+00    1.508252e+00    1.000000e+00
  -2.374934e-01    2.110165e+00   -2.618721e-02   -3.717896e-01    4.358956e-01   -1.565322e-01   -5.102355e-01    5.671190e-02    0.000000e+00
  -2.374934e-01    5.939428e-01   -3.454092e+00   -1.313789e+00   -7.223602e-01   -2.698323e-01    9.045678e-01   -5.409809e-01    1.000000e+00
   6.441449e-02   -8.009817e-01    7.463354e-02    6.958093e-01   -7.223602e-01   -5.465313e-03    4.482784e-01   -7.971349e-01    0.000000e+00
  -2.374934e-01    6.242673e-01    5.787372e-01   -3.717896e-01   -7.223602e-01    3.230140e-02   -8.134076e-01    2.532868e+00    0.000000e+00
   6.441449e-02    4.810279e-02   -3.286494e-01   -1.313789e+00   -7.223602e-01   -1.805422e-02   -7.337867e-01    1.420966e-01    1.000000e+00
  -1.143217e+00    5.029695e-01   -3.454092e+00   -1.313789e+00   -7.223602e-01    5.232687e-01    1.431291e+00   -7.117502e-01    1.000000e+00
  -5.394013e-01    1.997250e-01   -2.278287e-01    1.323809e+00   -7.223602e-01    9.890582e-01    1.945765e+00   -7.971349e-01    0.000000e+00
  -1.143217e+00   -5.887106e-01   -8.327531e-01   -1.313789e+00   -7.223602e-01   -8.866887e-01   -1.187014e+00   -1.053289e+00    0.000000e+00
  -5.394013e-01    7.455651e-01   -3.454092e+00   -1.313789e+00   -7.223602e-01   -5.845550e-01   -6.909138e-01   -4.555962e-01    1.000000e+00
   1.875862e+00   -6.190350e-01    8.811995e-01    1.009809e+00   -7.223602e-01    1.694037e+00    2.052947e+00    3.982506e-01    1.000000e+00
  -2.374934e-01    1.777834e-02    4.779165e-01   -1.313789e+00   -7.223602e-01   -1.151056e+00   -6.480410e-01    5.690200e-01    0.000000e+00
   9.701382e-01   -4.674128e-01   -4.294702e-01    1.934098e-01   -7.223602e-01   -7.104440e-01   -5.194225e-01   -3.702115e-01    1.000000e+00
  -1.143217e+00   -5.280617e-01   -2.278287e-01    1.306099e-01    3.111604e-01   -5.467883e-01   -3.557206e-02   -8.825196e-01    0.000000e+00
   3.663224e-01   -2.248172e-01    2.762750e-01   -1.313789e+00   -7.223602e-01   -9.118665e-01    8.525079e-01    2.020560e+00    0.000000e+00
  -5.394013e-01   -4.067639e-01   -3.286494e-01   -6.857892e-01    1.754525e+00   -8.615109e-01    1.272049e+00   -9.679043e-01    0.000000e+00
  -1.143217e+00    7.455651e-01    7.463354e-02   -1.313789e+00   -7.223602e-01    7.246912e-01   -4.030534e-01   -4.555962e-01    1.000000e+00
   1.875862e+00    2.300495e-01    3.770958e-01    4.446095e-01    3.646183e-01    4.729131e-01   -5.684200e-01    4.836353e-01    0.000000e+00
   9.701382e-01    3.513473e-01    9.820202e-01   -3.717896e-01    6.586371e-01    3.230140e-02   -6.235422e-01    3.128660e-01    0.000000e+00
   9.701382e-01    1.200432e+00    8.811995e-01   -1.313789e+00   -7.223602e-01   -2.194767e-01   -9.205897e-01    1.166713e+00    1.000000e+00
  -5.394013e-01   -4.067639e-01    5.787372e-01   -1.313789e+00   -7.223602e-01   -6.474995e-01   -6.327293e-01    1.593636e+00    1.000000e+00
   9.701382e-01    4.423206e-01    2.762750e-01    3.190097e-01    4.804439e-01   -7.733886e-01    5.554605e-01    1.508252e+00    0.000000e+00
   6.441449e-02   -7.706573e-01   -6.311117e-01   -2.461897e-01   -2.857868e-01   -1.428012e+00   -3.846794e-01   -6.263656e-01    0.000000e+00
   3.663224e-01   -4.067639e-01    1.754543e-01    1.386608e+00   -5.413569e-02    4.980909e-01   -6.204799e-01   -2.867278e-02    0.000000e+00
  -1.143217e+00   -1.316497e+00    9.820202e-01    5.074095e-01   -3.659738e-01    5.988022e-01   -9.681895e-02   -1.053289e+00    0.000000e+00
  -1.143217e+00   -4.370884e-01   -3.286494e-01    5.702094e-01   -6.304535e-02    5.610354e-01    8.923184e-01   -7.117502e-01    1.000000e+00
  -5.394013e-01    1.997250e-01    4.779165e-01    1.009809e+00    8.991979e-01    1.404492e+00    2.322433e+00   -1.994421e-01    1.000000e+00
   6.682303e-01    8.971873e-01   -3.286494e-01    6.330093e-01    3.467990e-01    4.225575e-01    6.932660e-01   -4.555962e-01    0.000000e+00
  -1.143217e+00    1.390761e-01    7.803787e-01    5.074095e-01    1.193217e+00   -1.817100e-01    1.665427e-01   -7.971349e-01    0.000000e+00
   1.272046e+00   -2.854661e-01    1.754543e-01   -1.313789e+00   -7.223602e-01   -1.075522e+00    1.146493e+00    2.105944e+00    0.000000e+00
  -5.394013e-01    6.849162e-01   -5.302909e-01    7.586092e-01    4.804439e-01   -6.840984e-02   -1.335671e-01   -7.117502e-01    1.000000e+00
   3.663224e-01   -1.346822e+00    6.795580e-01    1.261009e+00   -3.481545e-01    4.603242e-01   -9.481508e-01    1.420966e-01    0.000000e+00
   3.663224e-01   -1.944928e-01    1.486124e+00   -1.313789e+00   -7.223602e-01    2.613027e+00   -7.858465e-01   -4.555962e-01    1.000000e+00
  -2.374934e-01    8.668629e-01    3.770958e-01   -1.313789e+00   -7.223602e-01   -1.402834e+00   -7.919712e-01    3.128660e-01    0.000000e+00
  -5.394013e-01   -4.287055e-02    3.770958e-01    1.009809e+00    2.131541e-01    9.512915e-01   -7.674724e-01   -3.702115e-01    0.000000e+00
   1.875862e+00    1.200432e+00   -2.618721e-02    1.306099e-01    4.537149e-01   -8.363331e-01   -4.275522e-01    1.166713e+00    1.000000e+00
  -1.143217e+00    1.997250e-01   -2.618721e-02   -1.205898e-01    8.813786e-01   -2.068878e-01    2.833845e+00   -7.117502e-01    1.000000e+00
   6.682303e-01   -1.255848e+00   -1.270079e-01    5.702094e-01   -7.223602e-01   -7.482108e-01   -4.673627e-01    6.544047e-01    0.000000e+00
  -1.143217e+00   -4.674128e-01    7.463354e-02    1.009809e+00    5.962695e-01    9.135248e-01    4.268420e-01   -9.679043e-01    0.000000e+00
  -5.394013e-01    1.018485e+00    2.762750e-01   -2.461897e-01    1.329672e-01   -6.978551e-01   -9.988130e-02   -5.409809e-01    1.000000e+00
  -2.374934e-01   -2.551417e-01   -9.335739e-01   -6.857892e-01    3.496091e-02   -3.327769e-01    4.911512e-01   -7.117502e-01    0.000000e+00
   9.701382e-01   -3.764395e-01    5.787372e-01    6.330093e-01   -7.223602e-01    4.729131e-01    2.025386e+00    8.251740e-01    1.000000e+00
  -2.374934e-01   -6.796839e-01    5.787372e-01   -6.229893e-01   -1.521419e-01   -1.616845e+00   -5.561707e-01   -2.848268e-01    0.000000e+00
  -2.374934e-01   -1.944928e-01   -1.270079e-01    1.135409e+00    5.249922e-01    7.498690e-01   -9.665249e-01   -4.555962e-01    0.000000e+00
   6.682303e-01    2.201139e+00    4.779165e-01   -1.313789e+00   -7.223602e-01   -1.088111e+00   -1.030834e+00    2.191329e+00    1.000000e+00
  -2.374934e-01   -2.854661e-01    2.762750e-01    5.702094e-01   -7.223602e-01   -6.840984e-02   -8.225946e-01   -7.117502e-01    1.000000e+00
  -1.143217e+00    7.842723e-02    7.463354e-02   -5.778992e-02   -7.223602e-01   -5.971439e-01   -6.480410e-01    2.274813e-01    1.000000e+00
   2.781586e+00    9.275117e-01    1.082841e+00    7.586092e-01   -4.639800e-01   -6.726773e-01    8.126974e-01    8.251740e-01    1.000000e+00
  -8.413092e-01    1.079134e+00    1.754543e-01    5.010013e-03    7.744627e-01   -8.237442e-01   -1.049208e+00   -7.971349e-01    0.000000e+00
  -8.413092e-01    1.777834e-02   -2.278287e-01    6.958093e-01    6.675468e-01    3.722019e-01    6.932660e-01   -2.848268e-01    1.000000e+00
  -5.394013e-01   -5.887106e-01    8.811995e-01    9.470090e-01    3.467990e-01    1.681448e+00   -1.036959e+00   -8.825196e-01    1.000000e+00
   6.682303e-01   -4.977373e-01    7.463354e-02    6.958093e-01   -1.165033e-01   -1.691211e-01   -1.052271e+00    3.128660e-01    0.000000e+00
  -8.413092e-01    1.776596e+00   -3.454092e+00   -1.313789e+00   -7.223602e-01    1.404492e+00   -5.622953e-01    6.544047e-01    1.000000e+00
  -8.413092e-01   -8.009817e-01   -4.294702e-01   -1.833898e-01   -2.055999e-01   -1.037756e+00   -6.296669e-01   -9.679043e-01    0.000000e+00
  -1.143217e+00    1.321730e+00    3.770958e-01    1.386608e+00    1.549603e+00    1.983582e+00   -6.327293e-01   -6.263656e-01    0.000000e+00
  -1.143217e+00   -1.338439e-01   -3.454092e+00   -1.313789e+00   -7.223602e-01    2.085461e-01    1.428229e+00    9.105587e-01    0.000000e+00
   3.663224e-01   -1.944928e-01    3.770958e-01   -1.313789e+00   -7.223602e-01   -1.187655e-01   -3.754923e-01    9.105587e-01    1.000000e+00
   9.701382e-01    1.715947e+00    7.803787e-01   -1.313789e+00   -7.223602e-01    9.764693e-01   -4.122405e-01    6.544047e-01    1.000000e+00
  -8.413092e-01    2.603739e-01    7.463354e-02   -4.973894e-01    2.131541e-01   -7.859775e-01    1.955014e-02   -9.679043e-01    0.000000e+00
  -8.413092e-01   -8.009817e-01    2.762750e-01    5.010013e-03   -7.195501e-02   -7.859775e-01    6.350814e-01    2.274813e-01    0.000000e+00
  -8.413092e-01   -3.681804e+00   -2.618721e-02    8.842090e-01   -7.223602e-01   -1.805422e-02   -2.346245e-01   -9.679043e-01    0.000000e+00
   3.663224e-01    1.777834e-02    8.811995e-01   -1.313789e+00   -7.223602e-01    3.218462e-01   -5.377966e-01   -2.867278e-02    0.000000e+00
  -8.413092e-01    5.332939e-01   -1.135215e+00   -1.205898e-01    1.714159e-02   -4.334881e-01    5.768969e-01   -9.679043e-01    0.000000e+00
  -2.374934e-01   -6.796839e-01   -3.286494e-01   -1.205898e-01   -6.304535e-02   -1.302123e+00   -5.714824e-01   -6.263656e-01    0.000000e+00
   3.663224e-01   -3.681804e+00    5.787372e-01    6.958093e-01   -7.223602e-01    1.114947e+00   -3.663053e-01    3.128660e-01    1.000000e+00
   6.441449e-02   -8.919551e-01    5.787372e-01   -1.313789e+00   -7.223602e-01    1.266014e+00   -7.001009e-01   -3.702115e-01    0.000000e+00
   6.441449e-02    4.726450e-01    7.803787e-01   -1.313789e+00   -7.223602e-01   -1.187655e-01   -6.541657e-01   -2.848268e-01    0.000000e+00
  -2.374934e-01   -1.832013e+00    6.795580e-01    4.446095e-01   -7.223602e-01    2.840795e-01   -6.817268e-01    1.081328e+00    0.000000e+00
  -8.413092e-01   -9.526040e-01   -3.286494e-01   -5.601894e-01   -3.392448e-01   -6.223217e-01    3.502834e-01   -7.971349e-01    0.000000e+00
  -2.374934e-01   -9.526040e-01    4.779165e-01   -1.313789e+00   -7.223602e-01    1.328959e+00    2.859741e-01   -1.053289e+00    0.000000e+00
  -8.413092e-01    1.087517e-01   -9.335739e-01    1.198209e+00    7.655530e-01    1.456016e-01    1.520099e+00   -4.555962e-01    1.000000e+00
   2.781586e+00    2.300495e-01   -3.454092e+00    5.702094e-01   -7.223602e-01    9.764693e-01    3.165976e-01    9.105587e-01    1.000000e+00
   2.479678e+00   -1.013253e+00    2.762750e-01    1.198209e+00   -2.412385e-01    3.973797e-01   -2.683103e-01    1.252097e+00    0.000000e+00
  -8.413092e-01    2.261787e+00    3.770958e-01    9.470090e-01    1.496145e+00    5.484465e-01    1.253675e+00   -3.702115e-01    1.000000e+00
   3.663224e-01    2.049516e+00   -2.278287e-01    7.586092e-01    2.173279e+00   -1.187655e-01    3.594704e-01   -3.702115e-01    1.000000e+00
   6.441449e-02    7.455651e-01    4.779165e-01   -1.313789e+00   -7.223602e-01    8.002247e-01    1.665427e-01    2.874406e+00    1.000000e+00
   6.441449e-02    7.758895e-01    2.762750e-01    2.562097e-01    1.888170e+00    3.470240e-01   -2.468738e-01   -2.848268e-01    0.000000e+00
  -1.143217e+00   -6.190350e-01   -2.278287e-01   -2.461897e-01   -7.223602e-01   -1.402834e+00   -6.541657e-01   -1.053289e+00    0.000000e+00
  -8.413092e-01    3.513473e-01    1.687765e+00    4.446095e-01    5.249922e-01    8.265703e-02   -7.092879e-01    9.959434e-01    1.000000e+00
  -2.374934e-01    1.564325e+00    6.795580e-01    1.700608e+00    3.420632e+00    7.876357e-01    5.118354e+00   -7.117502e-01    1.000000e+00
  -5.394013e-01   -4.977373e-01   -5.302909e-01    1.198209e+00    1.151478e-01    3.470240e-01   -7.368490e-01   -7.117502e-01    0.000000e+00
  -1.143217e+00   -7.100084e-01    6.795580e-01   -3.717896e-01    2.605125e-02   -8.740998e-01   -5.102355e-01   -9.679043e-01    0.000000e+00
  -8.413092e-01   -1.043577e+00   -4.294702e-01    1.009809e+00   -5.413569e-02    6.365689e-01    1.328569e-01   -9.679043e-01    0.000000e+00
   6.441449e-02    1.048810e+00    3.266854e-01   -1.313789e+00   -7.223602e-01    2.033937e+00   -6.970385e-01   -1.140575e-01    1.000000e+00
  -1.143217e+00   -8.616306e-01    1.586945e+00    1.135409e+00   -8.086467e-02    1.417081e+00    1.700777e+00    1.420966e-01    0.000000e+00
  -8.413092e-01   -4.370884e-01    1.754543e-01    5.702094e-01    8.231931e-03   -1.691211e-01    1.088308e+00   -7.971349e-01    0.000000e+00
  -8.413092e-01   -3.764395e-01   -4.294702e-01   -8.113891e-01    8.991979e-01   -8.489220e-01    1.474164e+00   -1.053289e+00    0.000000e+00
  -8.413092e-01   -9.526040e-01   -3.286494e-01   -1.833898e-01   -1.966902e-01   -8.866887e-01    2.457177e+00   -7.117502e-01    0.000000e+00
  -8.413092e-01    1.087517e-01    7.463354e-02    1.934098e-01    2.577024e-01   -9.874000e-01   -7.490984e-01   -7.117502e-01    0.000000e+00
   3.663224e-01   -1.641683e-01    2.762750e-01    5.074095e-01   -7.223602e-01    1.971250e-02    5.952709e-01    1.420966e-01    1.000000e+00
   3.663224e-01    6.849162e-01    6.795580e-01    3.190097e-01    1.816893e+00   -1.805422e-02   -4.169675e-02    2.105944e+00    1.000000e+00
  -2.374934e-01   -6.493595e-01   -2.618721e-02    1.306099e-01   -6.777292e-04   -6.840984e-02    1.480289e+00   -4.555962e-01    0.000000e+00
  -8.413092e-01   -6.493595e-01   -1.270079e-01    5.074095e-01    1.023933e+00   -1.805422e-02   -6.619551e-02    7.397894e-01    0.000000e+00
   6.441449e-02   -1.641683e-01    1.754543e-01   -5.601894e-01    5.278023e-02   -1.264356e+00   -8.010957e-03    3.128660e-01    0.000000e+00
   6.441449e-02    1.109458e+00    4.779165e-01   -1.313789e+00   -7.223602e-01    9.524593e-02    1.033186e+00   -1.994421e-01    1.000000e+00
  -5.394013e-01    1.694006e-01   -5.302909e-01    1.934098e-01    1.727796e+00   -5.593772e-01    3.473875e+00   -7.117502e-01    0.000000e+00
  -2.374934e-01   -7.706573e-01   -6.311117e-01    8.214091e-01    3.022507e-01   -9.370443e-01    1.464977e+00    4.836353e-01    0.000000e+00
  -2.374934e-01   -1.195200e+00    7.463354e-02   -1.313789e+00   -7.223602e-01   -1.390245e+00   -2.346245e-01   -7.117502e-01    0.000000e+00
  -2.374934e-01    2.170814e+00    7.463354e-02    6.330093e-01   -7.223602e-01    3.470240e-01   -6.878515e-01   -7.117502e-01    1.000000e+00
   6.441449e-02   -8.009817e-01   -2.278287e-01   -1.313789e+00   -7.223602e-01   -1.805422e-02   -9.328391e-01   -1.994421e-01    1.000000e+00
   3.663224e-01    4.423206e-01    7.803787e-01    1.261009e+00    6.168989e-02    3.596130e-01   -5.500460e-01    1.420966e-01    1.000000e+00
   1.573954e+00   -1.498444e+00    4.779165e-01    2.562097e-01   -7.223602e-01   -6.840984e-02   -5.684200e-01    3.982506e-01    0.000000e+00
   3.663224e-01    1.412703e+00   -2.278287e-01   -1.313789e+00   -7.223602e-01    9.524593e-02   -1.012460e+00    6.544047e-01    1.000000e+00
  -1.143217e+00   -6.190350e-01   -3.286494e-01   -1.313789e+00   -7.223602e-01   -1.289534e+00   -3.969287e-01   -7.117502e-01    0.000000e+00
  -8.413092e-01    1.534001e+00   -2.618721e-02    1.763408e+00    4.436333e+00    1.291192e+00    7.238894e-01   -4.555962e-01    1.000000e+00
   6.682303e-01   -5.887106e-01    1.082841e+00    1.135409e+00   -7.223602e-01    4.477353e-01    6.381438e-01   -4.555962e-01    0.000000e+00
  -8.413092e-01   -2.854661e-01    1.754543e-01    5.702094e-01    8.457399e-01    2.840795e-01    1.910414e-01   -7.117502e-01    0.000000e+00
  -8.413092e-01    6.545917e-01    2.762750e-01    6.780994e-02   -1.788709e-01   -7.482108e-01   -6.419163e-01   -1.053289e+00    0.000000e+00
  -8.413092e-01   -7.403328e-01   -2.618721e-02    5.010013e-03   -7.223602e-01   -6.223217e-01    1.927391e+00   -9.679043e-01    0.000000e+00
   6.441449e-02    6.849162e-01    6.795580e-01    6.958093e-01   -7.223602e-01    8.002247e-01    2.706624e-01    3.128660e-01    1.000000e+00
  -8.413092e-01   -1.164875e+00   -2.618721e-02   -1.313789e+00   -7.223602e-01   -1.755323e+00    4.850265e-01   -5.409809e-01    0.000000e+00
  -2.374934e-01    2.300495e-01   -2.278287e-01    5.074095e-01    3.022507e-01   -7.230329e-01   -7.552231e-01   -4.555962e-01    1.000000e+00
  -8.413092e-01   -7.319500e-02    9.820202e-01    1.261009e+00    7.922820e-01    1.656270e+00    1.267322e-01   -6.263656e-01    0.000000e+00
  -5.394013e-01   -1.944928e-01   -2.278287e-01    6.780994e-02   -7.223602e-01   -1.691211e-01   -1.366294e-01   -1.053289e+00    0.000000e+00
   6.441449e-02    1.897894e+00    4.779165e-01    1.135409e+00    1.745616e+00    6.113911e-01   -6.174176e-01   -1.994421e-01    1.000000e+00
  -1.143217e+00   -8.313062e-01   -3.454092e+00   -1.313789e+00   -7.223602e-01   -4.046504e+00   -6.419163e-01   -7.117502e-01    0.000000e+00
  -8.413092e-01    1.806921e+00   -2.278287e-01    5.702094e-01    8.813786e-01    2.463128e-01   -4.214275e-01    3.982506e-01    1.000000e+00
  -1.143217e+00    4.119961e-01    1.284482e+00    1.575008e+00    5.695405e-01    1.064592e+00   -5.561707e-01   -6.263656e-01    0.000000e+00
  -2.374934e-01   -9.829284e-01    2.762750e-01   -3.089896e-01    3.496091e-02   -2.194767e-01    2.614754e-01    3.982506e-01    0.000000e+00
  -5.394013e-01    5.332939e-01    3.266854e-01   -1.313789e+00   -7.223602e-01   -8.237442e-01   -9.144650e-01   -3.702115e-01    0.000000e+00
  -1.143217e+00    5.939428e-01   -3.454092e+00   -1.313789e+00   -7.223602e-01    1.291192e+00   -7.980959e-01   -3.702115e-01    1.000000e+00
   2.479678e+00    5.636184e-01    8.307891e-01    7.586092e-01   -7.223602e-01    6.617467e-01   -6.786644e-01    6.544047e-01    0.000000e+00
   3.663224e-01    7.758895e-01    3.266854e-01   -1.313789e+00   -7.223602e-01   -2.824212e-01   -9.681895e-02   -4.555962e-01    0.000000e+00
  -8.413092e-01   -7.403328e-01    7.463354e-02   -3.717896e-01   -7.223602e-01   -1.755323e+00   -9.757119e-01   -1.053289e+00    0.000000e+00
   6.682303e-01   -4.370884e-01    9.820202e-01   -1.313789e+00   -7.223602e-01    5.862133e-01    8.004480e-01   -1.994421e-01    0.000000e+00
   6.441449e-02   -1.338439e-01   -2.278287e-01    3.818096e-01    3.467990e-01    1.330126e-01   -7.215373e-01   -7.971349e-01    0.000000e+00
   1.272046e+00   -4.067639e-01    7.463354e-02   -1.313789e+00   -7.223602e-01   -2.068878e-01    1.498663e+00   -2.867278e-02    1.000000e+00
   6.441449e-02   -1.338439e-01   -3.286494e-01   -5.601894e-01   -7.223602e-01   -3.075991e-01   -2.621856e-01   -2.848268e-01    1.000000e+00
  -1.143217e+00    1.776596e+00    4.779165e-01    2.642607e+00   -5.976249e-01    3.431306e+00    5.984998e+00   -7.117502e-01    1.000000e+00
  -8.413092e-01   -6.493595e-01    1.754543e-01   -5.601894e-01   -9.868399e-02   -8.615109e-01    5.891463e-01   -4.555962e-01    0.000000e+00
  -1.143217e+00   -8.009817e-01    5.787372e-01    1.512208e+00    9.732853e-02    5.484465e-01   -4.153028e-01   -6.263656e-01    0.000000e+00
  -1.143217e+00   -5.280617e-01   -2.278287e-01    1.009809e+00   -1.521419e-01    1.833683e-01    1.359192e-01   -9.679043e-01    1.000000e+00
  -1.143217e+00   -4.287055e-02    2.762750e-01   -1.833898e-01   -1.610516e-01   -2.068878e-01   -5.531083e-01   -6.263656e-01    0.000000e+00
  -5.394013e-01    3.816717e-01    7.463354e-02   -1.313789e+00   -7.223602e-01   -4.083103e-01    2.339143e-01   -8.825196e-01    1.000000e+00
  -1.143217e+00   -9.222795e-01   -2.618721e-02    6.958093e-01    1.148668e+00    9.764693e-01   -2.591232e-01   -7.117502e-01    0.000000e+00
  -5.394013e-01   -7.319500e-02   -3.454092e+00   -1.313789e+00   -7.223602e-01   -1.579079e+00    1.121994e+00    3.301330e+00    0.000000e+00
  -5.394013e-01   -6.493595e-01   -7.319324e-01    4.446095e-01    2.131541e-01    7.121023e-01    9.917111e-02   -7.971349e-01    0.000000e+00
   3.083493e+00    1.624974e+00   -3.286494e-01    5.702094e-01   -7.223602e-01    1.833683e-01   -7.766595e-01    3.982506e-01    1.000000e+00
   3.663224e-01   -1.073902e+00   -2.618721e-02    4.446095e-01   -8.977433e-02   -2.446545e-01   -3.111831e-01   -7.971349e-01    0.000000e+00
   1.875862e+00    8.062140e-01    7.803787e-01    1.700608e+00    1.389229e+00    6.869245e-01    1.639530e+00    1.508252e+00    1.000000e+00
   1.573954e+00    3.816717e-01    2.762750e-01    7.586092e-01   -1.877806e-01   -7.859775e-01   -1.719799e-02    4.069792e+00    0.000000e+00
   1.573954e+00   -4.287055e-02    1.754543e-01    6.780994e-02   -2.234192e-01   -1.428012e+00    8.188221e-01    1.252097e+00    0.000000e+00
  -8.413092e-01   -1.528768e+00   -3.286494e-01   -1.313789e+00   -7.223602e-01   -1.302123e+00   -1.519412e-01   -6.263656e-01    0.000000e+00
   1.272046e+00   -1.437795e+00    7.463354e-02    1.198209e+00   -2.857868e-01    3.973797e-01    7.330765e-01    4.836353e-01    0.000000e+00
  -1.143217e+00    7.842723e-02   -6.311117e-01   -4.973894e-01    2.131541e-01   -1.302123e+00   -4.169675e-02   -1.053289e+00    0.000000e+00
  -1.143217e+00   -1.437795e+00   -8.327531e-01   -6.857892e-01   -4.016124e-01   -5.467883e-01   -6.021058e-01   -9.679043e-01    0.000000e+00
  -1.143217e+00   -7.403328e-01   -2.278287e-01    9.470090e-01    1.686058e-01    5.862133e-01    4.115303e-01   -7.117502e-01    0.000000e+00
   6.682303e-01    9.881606e-01    4.779165e-01    1.261009e+00    5.249922e-01    1.756981e+00    3.227223e-01   -5.409809e-01    0.000000e+00
  -8.413092e-01    6.849162e-01    6.795580e-01    1.198209e+00   -7.223602e-01    1.152714e+00    4.329667e-01   -4.555962e-01    0.000000e+00
  -1.143217e+00   -7.319500e-02   -1.270079e-01    3.818096e-01   -7.223602e-01    8.379914e-01   -6.327293e-01   -9.679043e-01    0.000000e+00
   6.441449e-02   -2.248172e-01   -2.278287e-01   -1.313789e+00   -7.223602e-01   -4.083103e-01   -1.040021e+00   -7.971349e-01    0.000000e+00
  -1.143217e+00    4.726450e-01    7.803787e-01    3.818096e-01   -7.223602e-01   -6.097328e-01   -7.184749e-01    2.191329e+00    0.000000e+00
  -5.394013e-01   -4.977373e-01    5.787372e-01    1.512208e+00    9.793848e-01    1.959572e-01    7.514505e-01   -3.702115e-01    1.000000e+00
   9.701382e-01   -2.248172e-01    3.770958e-01   -2.461897e-01    2.577024e-01   -1.050344e+00    1.176077e-03   -1.994421e-01    0.000000e+00
   1.272046e+00    1.390761e-01    2.762750e-01    1.072609e+00   -5.413569e-02   -7.859775e-01   -9.297767e-01    4.836353e-01    0.000000e+00
  -2.374934e-01    1.109458e+00    7.463354e-02    5.702094e-01    2.200008e+00    4.225575e-01   -3.724300e-01    1.420966e-01    1.000000e+00
  -1.143217e+00    4.810279e-02    9.820202e-01    1.009809e+00   -7.223602e-01    3.847908e-01   -8.225946e-01   -3.702115e-01    0.000000e+00
   6.441449e-02   -1.104226e+00   -5.302909e-01    6.780994e-02   -2.857868e-01   -5.467883e-01   -4.887991e-01   -4.555962e-01    0.000000e+00
  -1.143217e+00   -1.134551e+00    6.795580e-01    6.330093e-01    3.913473e-01    7.624579e-01   -7.123502e-01   -8.825196e-01    0.000000e+00
  -1.143217e+00    7.152406e-01   -3.454092e+00   -1.313789e+00   -7.223602e-01    1.517792e+00    5.034006e-01   -1.994421e-01    1.000000e+00
  -1.143217e+00    4.119961e-01   -2.618721e-02    1.323809e+00    1.505055e+00    1.278603e+00   -3.081207e-01   -7.971349e-01    1.000000e+00
  -1.143217e+00    1.564325e+00    4.779165e-01    6.958093e-01    1.638700e+00    1.807337e+00    2.123381e+00    2.105944e+00    0.000000e+00
  -5.394013e-01   -9.829284e-01    1.082841e+00    5.702094e-01   -7.223602e-01    1.707794e-01   -5.316719e-01    7.397894e-01    0.000000e+00
   6.441449e-02   -6.796839e-01   -2.618721e-02    1.072609e+00   -7.223602e-01    8.265703e-02   -9.818366e-01   -2.867278e-02    0.000000e+00
   6.441449e-02    1.087517e-01    7.463354e-02   -1.833898e-01    3.646183e-01   -4.083103e-01    2.077446e+00    9.959434e-01    1.000000e+00
  -2.374934e-01   -1.255848e+00   -3.454092e+00   -1.313789e+00   -7.223602e-01   -4.046504e+00   -8.930286e-01   -9.679043e-01    0.000000e+00
   6.682303e-01    1.352054e+00    2.762750e-01   -1.313789e+00   -7.223602e-01   -6.978551e-01   -4.949238e-01    2.789022e+00    0.000000e+00
   3.663224e-01   -3.461150e-01   -2.618721e-02   -1.313789e+00   -7.223602e-01   -7.733886e-01   -5.316719e-01   -2.848268e-01    0.000000e+00
  -5.394013e-01   -1.225524e+00    1.754543e-01   -3.717896e-01   -4.522603e-02   -2.572434e-01    2.492260e-01   -7.117502e-01    0.000000e+00
   9.701382e-01    2.231463e+00    7.463354e-02    7.586092e-01    5.695405e-01   -8.866887e-01   -9.267144e-01    1.849790e+00    1.000000e+00
   6.682303e-01    9.881606e-01    2.762750e-01    6.958093e-01    9.972042e-01   -3.579547e-01    1.143431e+00    4.836353e-01    0.000000e+00
  -5.394013e-01   -1.338439e-01    1.082841e+00   -1.205898e-01   -8.977433e-02   -8.740998e-01   -4.673627e-01   -1.053289e+00    0.000000e+00
   6.682303e-01   -3.681804e+00   -2.618721e-02    1.261009e+00   -7.223602e-01    8.631692e-01    8.004480e-01    6.544047e-01    1.000000e+00
   9.701382e-01   -8.313062e-01   -2.278287e-01    2.562097e-01   -1.849705e-02    1.456016e-01    8.341338e-01    6.544047e-01    0.000000e+00
  -2.374934e-01   -7.706573e-01    4.779165e-01    1.135409e+00   -7.223602e-01    6.491578e-01   -6.970385e-01    5.690200e-01    0.000000e+00
  -1.143217e+00    1.776596e+00    1.082841e+00    3.190097e-01    7.950921e-02    5.484465e-01   -4.643003e-01    1.420966e-01    1.000000e+00
  -8.413092e-01    2.603739e-01   -4.294702e-01    1.306099e-01    7.922820e-01   -4.460770e-01    6.932660e-01   -1.053289e+00    0.000000e+00
   1.272046e+00   -4.287055e-02    4.779165e-01   -1.313789e+00   -7.223602e-01   -8.992776e-01   -1.733776e-01    2.618252e+00    0.000000e+00
   2.479678e+00   -1.134551e+00    1.754543e-01    6.330093e-01   -7.223602e-01   -3.075991e-01   -5.163602e-01    1.081328e+00    1.000000e+00
   1.573954e+00   -9.222795e-01   -2.618721e-02   -1.313789e+00   -7.223602e-01   -9.999889e-01   -8.134076e-01    2.105944e+00    0.000000e+00
  -2.374934e-01   -6.796839e-01   -7.319324e-01   -1.205898e-01    4.387057e-02   -8.237442e-01   -9.542755e-01   -7.971349e-01    0.000000e+00
   1.573954e+00    7.152406e-01    9.820202e-01    8.214091e-01    7.477337e-01   -2.320656e-01    9.351912e-01    1.679021e+00    1.000000e+00
   2.781586e+00   -1.377146e+00   -4.294702e-01   -1.313789e+00   -7.223602e-01    8.265703e-02   -8.746545e-01    6.544047e-01    0.000000e+00
  -5.394013e-01   -1.619742e+00    7.463354e-02    6.958093e-01   -1.343226e-01   -8.992776e-01   -8.532181e-01   -7.117502e-01    0.000000e+00
  -2.374934e-01    7.842723e-02    5.787372e-01    7.586092e-01    4.358956e-01    1.330126e-01   -4.918614e-01   -6.263656e-01    0.000000e+00
  -2.374934e-01    1.087517e-01   -5.302909e-01   -1.313789e+00   -7.223602e-01   -6.840984e-02   -9.634625e-01   -7.971349e-01    0.000000e+00
  -8.413092e-01   -7.403328e-01   -2.278287e-01   -1.205898e-01    8.231931e-03   -1.755323e+00   -5.102355e-01   -1.053289e+00    0.000000e+00
  -2.374934e-01   -1.641683e-01    2.762750e-01   -3.717896e-01    2.131541e-01   -7.356218e-01   -1.098206e+00   -7.971349e-01    0.000000e+00
  -1.143217e+00   -3.157906e-01   -1.774183e-01   -1.313789e+00   -7.223602e-01   -9.496332e-01    5.952709e-01   -1.994421e-01    0.000000e+00
  -5.394013e-01    1.777834e-02   -4.294702e-01   -1.833898e-01    2.220638e-01   -2.950101e-01    7.698246e-01   -9.679043e-01    0.000000e+00
  -8.413092e-01   -1.346822e+00   -6.311117e-01    5.702094e-01   -2.234192e-01    1.456016e-01    2.405117e+00   -7.971349e-01    0.000000e+00
   6.441449e-02    3.210228e-01   -3.454092e+00   -1.313789e+00   -7.223602e-01    9.524593e-02   -5.010485e-01   -8.825196e-01    1.000000e+00
  -1.143217e+00    1.694006e-01    5.787372e-01    1.009809e+00    1.148668e+00    5.232687e-01    1.036249e+00   -8.825196e-01    0.000000e+00
  -2.374934e-01    2.300495e-01    1.183662e+00    1.763408e+00    6.586371e-01    5.358576e-01    1.538473e+00   -1.140575e-01    1.000000e+00
   1.272046e+00   -6.493595e-01    2.762750e-01    1.198209e+00    1.193217e+00    9.135248e-01    5.983333e-01    8.251740e-01    1.000000e+00
   1.875862e+00   -9.526040e-01    8.307891e-01    6.958093e-01   -7.223602e-01    3.470240e-01    1.100558e+00    1.935175e+00    1.000000e+00
   6.441449e-02   -1.134551e+00    1.082841e+00    1.306099e-01   -2.234192e-01    9.261137e-01   -9.389637e-01   -7.117502e-01    0.000000e+00
  -8.413092e-01   -1.013253e+00    4.779165e-01    5.074095e-01   -4.522603e-02   -1.805422e-02   -3.081207e-01   -3.702115e-01    0.000000e+00
   3.663224e-01    1.988867e+00    3.770958e-01    3.818096e-01    1.121939e+00    1.442259e+00    1.740588e+00    1.679021e+00    1.000000e+00
   6.441449e-02    2.906984e-01   -2.618721e-02    5.010013e-03    7.566434e-01    1.204237e-01   -9.359014e-01   -4.555962e-01    0.000000e+00
  -8.413092e-01    1.291405e+00    6.795580e-01    1.386608e+00   -1.254130e-01    8.265703e-02   -3.816170e-01    1.422867e+00    0.000000e+00
  -8.413092e-01   -1.641683e-01    7.463354e-02    4.446095e-01   -7.223602e-01   -5.971439e-01   -8.011582e-01   -1.053289e+00    0.000000e+00
  -2.374934e-01   -1.134551e+00   -2.618721e-02    5.702094e-01    2.220638e-01   -3.064312e-02    3.839692e-01   -7.117502e-01    0.000000e+00
   1.272046e+00   -3.461150e-01    3.770958e-01   -1.313789e+00   -7.223602e-01   -5.467883e-01   -7.001009e-01    2.105944e+00    0.000000e+00
   6.682303e-01    1.087517e-01    3.770958e-01   -1.313789e+00   -7.223602e-01    2.085461e-01   -1.055333e+00    1.764406e+00    1.000000e+00
  -1.143217e+00    2.322436e+00   -1.270079e-01    6.958093e-01    1.718887e+00    1.152714e+00    1.114205e-01   -4.555962e-01    1.000000e+00
   6.682303e-01   -6.796839e-01   -4.294702e-01   -1.205898e-01   -2.412385e-01   -6.600884e-01    9.610876e-02   -1.140575e-01    0.000000e+00
  -8.413092e-01   -6.796839e-01    1.754543e-01    5.702094e-01   -5.619863e-01    8.128136e-01   -1.641905e-01   -1.053289e+00    0.000000e+00
   6.682303e-01   -8.919551e-01   -3.286494e-01    6.958093e-01    4.002570e-01   -1.805422e-02   -1.165577e+00    1.081328e+00    0.000000e+00
  -2.374934e-01   -1.316497e+00    7.463354e-02   -1.313789e+00   -7.223602e-01    4.489031e-02   -5.990435e-01    4.836353e-01    0.000000e+00
  -5.394013e-01    2.603739e-01    1.385303e+00   -1.313789e+00   -7.223602e-01   -1.201411e+00   -6.051682e-01   -1.053289e+00    0.000000e+00
  -2.374934e-01   -3.157906e-01   -5.302909e-01    6.330093e-01   -3.303351e-01   -3.327769e-01   -1.090683e-01   -9.679043e-01    0.000000e+00
  -5.394013e-01   -7.100084e-01   -4.294702e-01   -2.461897e-01    3.467990e-01    3.218462e-01   -8.195323e-01   -9.679043e-01    0.000000e+00
  -8.413092e-01    6.545917e-01    8.811995e-01    5.702094e-01    2.217828e+00   -2.572434e-01    1.305735e+00   -8.825196e-01    0.000000e+00
  -8.413092e-01   -7.319500e-02   -1.236036e+00    1.637808e+00   -1.610516e-01    4.225575e-01   -5.684200e-01   -7.117502e-01    0.000000e+00
   6.682303e-01   -4.067639e-01   -1.236036e+00   -5.778992e-02    4.358956e-01   -1.025167e+00    1.063810e+00    1.420966e-01    0.000000e+00
  -5.394013e-01   -1.035194e-01    5.787372e-01   -1.313789e+00   -7.223602e-01    1.354137e+00    6.963283e-01   -1.053289e+00    1.000000e+00
   1.875862e+00    3.513473e-01   -2.618721e-02   -1.313789e+00   -7.223602e-01   -6.474995e-01   -6.756021e-01    2.274813e-01    0.000000e+00
  -5.394013e-01    2.292112e+00    7.463354e-02    4.903405e+00   -7.223602e-01    3.218462e-01    3.349716e-01    2.447483e+00    1.000000e+00
   6.682303e-01   -3.764395e-01   -4.294702e-01    3.818096e-01   -7.223602e-01   -8.992776e-01   -7.950335e-01   -5.409809e-01    0.000000e+00
   2.479678e+00   -1.254611e-02    4.779165e-01   -2.461897e-01   -7.223602e-01   -7.104440e-01   -6.327293e-01    2.447483e+00    0.000000e+00
   1.272046e+00   -6.493595e-01    3.770958e-01   -1.313789e+00   -7.223602e-01    8.254025e-01   -8.440311e-01    7.397894e-01    0.000000e+00
   1.272046e+00    7.842723e-02    3.770958e-01    1.934098e-01    4.623436e+00   -4.334881e-01    6.779543e-01    1.593636e+00    1.000000e+00
  -8.413092e-01   -8.616306e-01   -6.311117e-01   -6.229893e-01   -7.223602e-01   -1.214000e+00   -1.488788e-01   -9.679043e-01    0.000000e+00
   1.272046e+00    6.545917e-01   -1.270079e-01   -1.313789e+00   -7.223602e-01    3.470240e-01   -1.030834e+00    6.544047e-01    1.000000e+00
   6.682303e-01   -5.583861e-01   -1.270079e-01   -1.313789e+00   -7.223602e-01   -9.874000e-01   -6.633527e-01   -3.702115e-01    0.000000e+00
  -2.374934e-01    1.655298e+00    8.811995e-01    3.818096e-01    6.675468e-01    1.456016e-01    2.108069e+00    1.593636e+00    1.000000e+00
  -1.143217e+00   -1.468120e+00   -3.454092e+00   -1.313789e+00   -7.223602e-01   -1.390245e+00   -3.785547e-01   -7.117502e-01    0.000000e+00
  -5.394013e-01   -2.854661e-01    4.779165e-01    1.826208e+00    5.249922e-01    9.135248e-01   -8.899662e-01   -7.971349e-01    0.000000e+00
  -5.394013e-01   -1.195200e+00   -8.327531e-01    6.780994e-02    3.022507e-01   -4.586659e-01    3.777047e+00   -7.117502e-01    0.000000e+00
  -1.143217e+00    2.019192e+00    6.795580e-01   -4.345895e-01    9.259269e-01   -1.805422e-02    6.626425e-01   -9.679043e-01    1.000000e+00
  -1.143217e+00   -1.650066e+00    3.770958e-01   -1.313789e+00   -7.223602e-01    1.656270e+00   -8.317817e-01    1.081328e+00    0.000000e+00
  -8.413092e-01   -9.829284e-01   -2.244244e+00   -1.205898e-01   -4.996187e-01   -5.467883e-01    2.859741e-01   -1.053289e+00    0.000000e+00
  -8.413092e-01    1.564325e+00    2.762750e-01   -1.313789e+00   -7.223602e-01    5.862133e-01   -1.156390e+00    3.982506e-01    1.000000e+00
  -8.413092e-01   -3.764395e-01   -1.538498e+00   -1.833898e-01    3.467990e-01   -1.138467e+00   -1.795023e-01   -6.263656e-01    0.000000e+00
  -8.413092e-01   -4.067639e-01    9.820202e-01   -1.205898e-01   -7.223602e-01   -6.349106e-01   -2.009387e-01   -7.971349e-01    0.000000e+00
   6.682303e-01   -7.706573e-01   -3.454092e+00   -1.313789e+00   -7.223602e-01   -1.062933e+00   -8.440311e-01   -4.555962e-01    0.000000e+00
  -8.413092e-01    7.842723e-02    2.762750e-01    9.470090e-01   -7.223602e-01   -5.467883e-01   -1.119642e+00   -2.848268e-01    0.000000e+00
   9.701382e-01    8.668629e-01    4.779165e-01    5.074095e-01    4.002570e-01    3.847908e-01    6.932660e-01    1.764406e+00    1.000000e+00
   6.441449e-02    1.867570e+00   -3.454092e+00   -1.313789e+00   -7.223602e-01   -4.712548e-01   -7.766595e-01    2.274813e-01    1.000000e+00
  -8.413092e-01    1.806921e+00    4.779165e-01    1.323809e+00    1.888170e+00    9.890582e-01    2.426553e+00   -9.679043e-01    1.000000e+00
  -2.374934e-01   -4.674128e-01   -7.319324e-01    5.010013e-03    6.853661e-01   -1.565322e-01   -5.316719e-01   -7.971349e-01    0.000000e+00
  -2.374934e-01    1.594650e+00   -5.302909e-01    6.780994e-02    1.006114e+00    9.524593e-02    3.900939e-01    2.274813e-01    1.000000e+00
   9.701382e-01    1.412703e+00    9.820202e-01    1.323809e+00    2.137641e+00    7.624579e-01    9.841887e-01    5.690200e-01    1.000000e+00
   6.682303e-01   -4.977373e-01    5.787372e-01    4.446095e-01   -7.223602e-01    4.489031e-02    1.262862e+00   -6.263656e-01    0.000000e+00
   2.177770e+00    5.029695e-01    2.762750e-01    3.190097e-01    5.606308e-01    4.980909e-01    2.798494e-01    1.422867e+00    1.000000e+00
   6.682303e-01   -1.338439e-01    1.385303e+00   -1.313789e+00   -7.223602e-01   -4.334881e-01   -9.450884e-01   -2.848268e-01    0.000000e+00
  -5.394013e-01   -1.619742e+00   -3.286494e-01   -4.973894e-01   -5.887153e-01   -1.516134e+00   -6.388540e-01   -8.825196e-01    0.000000e+00
  -5.394013e-01   -2.854661e-01    8.811995e-01    1.323809e+00    7.031854e-01    7.876357e-01   -6.725398e-01   -4.555962e-01    0.000000e+00
   6.682303e-01    1.867570e+00    1.284482e+00   -1.313789e+00   -7.223602e-01    1.089769e+00    3.048209e+00    9.959434e-01    0.000000e+00
  -5.394013e-01   -4.067639e-01   -2.278287e-01   -1.313789e+00   -7.223602e-01   -1.691211e-01   -9.420261e-01   -1.053289e+00    0.000000e+00
  -1.143217e+00    3.210228e-01    4.779165e-01   -1.313789e+00   -7.223602e-01    3.230140e-02   -2.223751e-01   -1.053289e+00    0.000000e+00
   3.663224e-01    1.997250e-01    5.787372e-01   -1.313789e+00   -7.223602e-01    3.092573e-01   -9.848989e-01    9.959434e-01    0.000000e+00
   6.441449e-02   -8.313062e-01   -1.774183e-01    6.780994e-02   -7.223602e-01   -9.370443e-01   -9.726495e-01   -1.053289e+00    0.000000e+00
   9.701382e-01   -2.248172e-01   -2.278287e-01   -1.313789e+00   -7.223602e-01   -5.971439e-01    8.157598e-01    5.671190e-02    1.000000e+00
  -1.143217e+00   -5.887106e-01    4.779165e-01    1.198209e+00    7.950921e-02    2.966684e-01   -6.970385e-01   -7.971349e-01    0.000000e+00
  -8.413092e-01    1.997250e-01    6.795580e-01   -2.461897e-01    9.081076e-01   -5.845550e-01   -1.073707e+00   -9.679043e-01    0.000000e+00
   1.875862e+00   -8.919551e-01   -3.286494e-01   -1.313789e+00   -7.223602e-01   -7.859775e-01   -9.144650e-01   -1.994421e-01    0.000000e+00
   3.663224e-01   -5.280617e-01    2.762750e-01   -1.313789e+00   -7.223602e-01   -4.208992e-01   -9.573378e-01    1.252097e+00    0.000000e+00
   9.701382e-01   -7.403328e-01    3.770958e-01    6.958093e-01    8.841887e-02    1.102358e+00    1.241426e+00   -1.140575e-01    1.000000e+00
  -8.413092e-01   -6.493595e-01    2.762750e-01   -5.601894e-01   -3.125158e-01   -1.591667e+00   -9.695872e-01   -4.555962e-01    0.000000e+00
   6.441449e-02    1.997250e-01    7.463354e-02   -1.313789e+00   -7.223602e-01    2.714906e-01   -4.979861e-01   -7.971349e-01    0.000000e+00
  -5.394013e-01    1.079134e+00    2.762750e-01    8.842090e-01    3.197890e+00    9.135248e-01   -1.015522e+00   -2.848268e-01    0.000000e+00
  -8.413092e-01    1.382378e+00    2.762750e-01   -2.461897e-01    5.606308e-01   -1.100700e+00   -5.700847e-02   -2.867278e-02    1.000000e+00
  -1.143217e+00    1.746272e+00   -9.335739e-01    9.470090e-01    6.942757e-01    7.121023e-01   -3.250972e-02   -9.679043e-01    1.000000e+00
   2.177770e+00    4.423206e-01    7.803787e-01    8.842090e-01    4.358956e-01   -4.838437e-01   -6.296669e-01    7.397894e-01    1.000000e+00
  -1.143217e+00   -4.370884e-01   -4.294702e-01    2.562097e-01   -7.223602e-01   -7.230329e-01   -1.018585e+00   -8.825196e-01    0.000000e+00
  -8.413092e-01   -9.222795e-01   -7.319324e-01    2.562097e-01    1.686058e-01   -8.740998e-01   -7.092879e-01   -8.825196e-01    0.000000e+00
  -5.394013e-01   -4.287055e-02   -7.319324e-01   -1.313789e+00   -7.223602e-01   -6.726773e-01   -3.250972e-02   -5.409809e-01    0.000000e+00
  -8.413092e-01   -4.674128e-01    7.463354e-02    4.446095e-01    4.804439e-01    2.589017e-01   -9.910236e-01   -9.679043e-01    0.000000e+00
  -5.394013e-01    1.018485e+00   -8.327531e-01    3.818096e-01    4.088856e+00    8.254025e-01   -6.909138e-01   -7.117502e-01    1.000000e+00
  -5.394013e-01   -6.190350e-01   -5.302909e-01    8.842090e-01    7.950921e-02   -1.302123e+00   -9.512131e-01   -9.679043e-01    0.000000e+00
  -8.413092e-01   -4.287055e-02    5.787372e-01    1.700608e+00    1.059572e+00    8.505803e-01    2.132568e+00    6.544047e-01    0.000000e+00
   2.177770e+00    1.694006e-01    1.889407e+00   -1.313789e+00   -7.223602e-01    8.631692e-01   -8.440311e-01    1.508252e+00    0.000000e+00
  -2.374934e-01   -1.255848e+00    6.795580e-01    6.330093e-01   -9.868399e-02    2.589017e-01    2.530673e+00   -5.409809e-01    1.000000e+00
  -8.413092e-01    2.352761e+00    3.770958e-01    1.386608e+00   -7.223602e-01    1.354137e+00    2.843032e+00   -9.679043e-01    1.000000e+00
   1.272046e+00    1.382378e+00    1.889407e+00    1.575008e+00    1.335771e+00    6.869245e-01   -9.205897e-01    8.251740e-01    1.000000e+00
   1.573954e+00    7.152406e-01    5.787372e-01    1.575008e+00    4.358956e-01    7.246912e-01    5.248370e-01    5.690200e-01    1.000000e+00
   6.441449e-02    7.152406e-01    6.795580e-01   -1.833898e-01   -7.223602e-01    4.489031e-02   -7.062256e-01    3.130560e+00    1.000000e+00
   6.682303e-01   -7.100084e-01   -5.302909e-01    7.586092e-01    9.704752e-01    2.337239e-01   -1.090683e-01    8.251740e-01    0.000000e+00
   1.573954e+00    9.881606e-01    4.779165e-01    5.702094e-01    1.686058e-01   -1.565322e-01   -9.236520e-01    9.959434e-01    0.000000e+00
   6.682303e-01    1.321730e+00   -2.618721e-02    3.190097e-01    7.744627e-01    1.833683e-01    5.064630e-01    1.337482e+00    0.000000e+00
  -8.413092e-01   -6.796839e-01   -5.302909e-01   -6.857892e-01   -7.223602e-01   -8.489220e-01    2.614754e-01   -1.053289e+00    0.000000e+00
   1.875862e+00   -1.619742e+00    1.889407e+00    1.306099e-01   -2.857868e-01    4.225575e-01   -5.531083e-01    1.166713e+00    0.000000e+00
  -2.374934e-01    4.810279e-02    1.586945e+00    8.842090e-01    1.415958e+00    3.166939e+00    1.268987e+00   -9.679043e-01    0.000000e+00
   1.272046e+00   -9.222795e-01    6.795580e-01   -1.313789e+00   -7.223602e-01    4.351464e-01    3.717198e-01    2.959791e+00    0.000000e+00
   6.682303e-01    2.231463e+00    7.463354e-02   -1.313789e+00   -7.223602e-01   -1.565322e-01   -4.214275e-01   -1.994421e-01    1.000000e+00
   1.573954e+00    1.048810e+00    8.811995e-01   -1.313789e+00   -7.223602e-01   -9.244554e-01   -7.215373e-01    1.679021e+00    1.000000e+00
  -1.143217e+00   -8.616306e-01   -4.294702e-01   -1.313789e+00   -7.223602e-01    3.973797e-01   -6.204799e-01   -7.117502e-01    0.000000e+00
  -2.374934e-01   -1.254611e-02   -8.327531e-01   -1.313789e+00   -7.223602e-01    4.855020e-01   -1.036959e+00   -7.117502e-01    1.000000e+00
  -5.394013e-01   -1.983635e+00   -6.311117e-01    4.446095e-01   -3.214255e-01   -9.999889e-01   -4.091781e-01   -9.679043e-01    0.000000e+00
  -1.143217e+00    1.230756e+00    3.770958e-01    9.470090e-01   -7.223602e-01    2.197593e+00   -3.111831e-01   -6.263656e-01    1.000000e+00
   6.441449e-02    1.087517e-01    5.787372e-01   -1.313789e+00   -7.223602e-01    1.971250e-02    2.155402e-01   -5.409809e-01    1.000000e+00
   3.663224e-01    4.423206e-01    6.795580e-01   -1.313789e+00   -7.223602e-01   -4.046504e+00    5.340241e-01    3.045176e+00    0.000000e+00
  -5.394013e-01    2.300495e-01    2.762750e-01    3.190097e-01    1.104120e+00    1.330126e-01    3.839692e-01   -7.117502e-01    0.000000e+00
  -2.374934e-01    2.603739e-01   -2.278287e-01   -1.313789e+00   -7.223602e-01   -1.138467e+00   -4.643003e-01   -9.679043e-01    0.000000e+00
  -8.413092e-01   -4.370884e-01   -9.335739e-01   -1.205898e-01   -7.223602e-01   -4.838437e-01   -8.715922e-01   -3.702115e-01    0.000000e+00
  -8.413092e-01    5.636184e-01    2.762750e-01    3.190097e-01    8.813786e-01   -1.012578e+00    1.109745e+00   -8.825196e-01    0.000000e+00
  -8.413092e-01    6.849162e-01    6.795580e-01    1.575008e+00    8.813786e-01    1.756981e+00   -3.999911e-01    1.081328e+00    1.000000e+00
  -5.394013e-01   -9.526040e-01   -4.294702e-01   -1.313789e+00   -7.223602e-01   -1.088111e+00   -8.409687e-01   -7.117502e-01    0.000000e+00
   9.701382e-01    6.242673e-01    1.082841e+00    1.934098e-01    3.554277e+00   -2.194767e-01   -1.033896e+00    8.251740e-01    1.000000e+00
  -1.143217e+00   -6.796839e-01   -3.454092e+00   -1.313789e+00   -7.223602e-01   -8.992776e-01   -6.511033e-01   -9.679043e-01    0.000000e+00
   6.441449e-02   -1.035194e-01    7.463354e-02   -1.313789e+00   -7.223602e-01    1.555559e+00    1.342483e+00   -6.263656e-01    0.000000e+00
  -8.413092e-01    1.412703e+00    9.820202e-01    5.074095e-01   -7.223602e-01    3.596130e-01    1.345545e+00    1.593636e+00    1.000000e+00
  -5.394013e-01    2.300495e-01   -3.454092e+00   -1.313789e+00   -7.223602e-01    8.002247e-01   -4.949238e-01    6.544047e-01    0.000000e+00
   6.441449e-02   -3.461150e-01    3.770958e-01   -5.778992e-02    1.686058e-01   -4.712548e-01   -1.064520e+00   -5.409809e-01    0.000000e+00
   6.682303e-01   -1.255848e+00    5.787372e-01    9.470090e-01   -7.223602e-01    9.638804e-01   -8.838415e-01   -4.555962e-01    0.000000e+00
   1.875862e+00   -1.944928e-01   -3.454092e+00   -1.313789e+00   -7.223602e-01   -4.046504e+00   -6.266046e-01   -2.848268e-01    1.000000e+00
  -5.394013e-01    1.694006e-01   -1.135215e+00    5.010013e-03    2.262376e+00    2.840795e-01   -8.869039e-01   -9.679043e-01    0.000000e+00
   1.573954e+00    1.291405e+00    4.779165e-01   -1.313789e+00   -7.223602e-01    8.265703e-02   -9.726495e-01    9.959434e-01    1.000000e+00
  -5.394013e-01   -8.616306e-01   -2.278287e-01    6.958093e-01    7.031854e-01    7.372801e-01    6.381438e-01   -8.825196e-01    1.000000e+00
  -2.374934e-01    1.109458e+00   -2.278287e-01   -4.973894e-01    2.725678e+00   -1.187655e-01   -5.224849e-01   -7.971349e-01    0.000000e+00
   3.663224e-01    1.390761e-01    4.779165e-01    3.818096e-01   -5.263477e-01   -3.201880e-01   -8.150723e-02    5.690200e-01    0.000000e+00
  -2.374934e-01   -5.887106e-01    2.762750e-01   -1.313789e+00   -7.223602e-01   -3.327769e-01   -1.055333e+00   -1.140575e-01    0.000000e+00
   9.701382e-01    1.988867e+00   -9.335739e-01    7.586092e-01    2.770226e+00    2.211350e-01    1.103620e+00    5.671190e-02    1.000000e+00
  -2.374934e-01    1.564325e+00    4.779165e-01    1.135409e+00    9.259269e-01    2.085461e-01    1.544598e+00   -1.994421e-01    1.000000e+00
  -8.413092e-01   -4.067639e-01   -4.294702e-01    1.575008e+00    8.635593e-01    4.225575e-01   -1.550035e-01   -7.971349e-01    0.000000e+00
   3.663224e-01   -7.403328e-01    3.770958e-01    3.818096e-01   -7.223602e-01    4.351464e-01   -2.683103e-01    1.593636e+00    1.000000e+00
  -8.413092e-01   -2.248172e-01   -1.270079e-01    9.470090e-01    1.059572e+00    7.498690e-01   -5.408589e-01   -1.053289e+00    0.000000e+00
  -8.413092e-01    8.365384e-01   -2.618721e-02    5.074095e-01    4.091666e-01   -3.579547e-01   -3.571183e-01    7.397894e-01    1.000000e+00
   3.663224e-01   -1.338439e-01    8.811995e-01    5.702094e-01    2.131541e-01    8.757581e-01   -6.572280e-01    7.397894e-01    0.000000e+00
  -8.413092e-01   -3.157906e-01    1.284482e+00   -1.313789e+00   -7.223602e-01    8.265703e-02   -6.143552e-01    9.959434e-01    0.000000e+00
   6.441449e-02   -2.854661e-01    4.779165e-01    1.198209e+00   -7.223602e-01    9.135248e-01   -7.031632e-01    3.982506e-01    0.000000e+00
  -8.413092e-01   -1.641683e-01    4.779165e-01    5.074095e-01    8.813786e-01    4.980909e-01    9.304642e-02   -7.117502e-01    0.000000e+00
  -1.143217e+00    5.939428e-01    7.803787e-01    3.190097e-01   -7.223602e-01    3.230140e-02   -9.988130e-02   -9.679043e-01    0.000000e+00
  -5.394013e-01    1.624974e+00    9.820202e-01   -1.313789e+00   -7.223602e-01   -1.163645e+00   -4.275522e-01   -9.679043e-01    0.000000e+00
  -5.394013e-01   -8.919551e-01   -8.327531e-01   -1.313789e+00   -7.223602e-01   -2.572434e-01   -9.940860e-01   -9.679043e-01    0.000000e+00
  -2.374934e-01    2.603739e-01    4.779165e-01    1.306099e-01   -1.849705e-02   -4.712548e-01   -4.367392e-01    5.671190e-02    1.000000e+00
  -5.394013e-01    1.594650e+00    9.820202e-01    1.009809e+00    3.467990e-01    1.555559e+00    5.523981e-01   -7.971349e-01    1.000000e+00
  -5.394013e-01   -4.674128e-01   -6.311117e-01    3.818096e-01    7.477337e-01   -3.957214e-01   -1.213177e-01   -9.679043e-01    0.000000e+00
  -5.394013e-01   -4.977373e-01    3.266854e-01   -1.313789e+00   -7.223602e-01   -1.113289e+00    2.890365e-01    1.679021e+00    0.000000e+00
   6.441449e-02   -8.009817e-01   -4.294702e-01    6.958093e-01   -7.223602e-01    4.099686e-01   -5.561707e-01   -4.555962e-01    0.000000e+00
   1.272046e+00   -1.710715e+00    1.754543e-01    1.306099e-01   -7.223602e-01   -1.805422e-02    4.115303e-01    7.397894e-01    0.000000e+00
  -5.394013e-01   -6.796839e-01   -4.294702e-01   -2.461897e-01    7.031854e-01    5.610354e-01   -3.863440e-02   -1.053289e+00    0.000000e+00
  -8.413092e-01   -5.887106e-01    2.762750e-01   -1.313789e+00   -7.223602e-01    9.261137e-01   -5.286096e-01    7.397894e-01    1.000000e+00
   2.177770e+00   -4.287055e-02    5.787372e-01    1.009809e+00    6.140888e-01    1.278603e+00    9.780640e-01    1.252097e+00    1.000000e+00
  -2.374934e-01   -5.887106e-01   -1.236036e+00   -5.778992e-02    1.151478e-01   -1.691211e-01   -2.009387e-01   -6.263656e-01    0.000000e+00
   2.781586e+00    9.578362e-01    9.820202e-01    1.009809e+00    5.249922e-01    1.064592e+00    2.169316e+00    4.836353e-01    0.000000e+00
   2.479678e+00   -6.493595e-01    7.803787e-01    7.586092e-01    2.131541e-01   -2.698323e-01    6.854766e-02    1.081328e+00    0.000000e+00
  -8.413092e-01   -1.225524e+00    2.762750e-01    1.261009e+00   -2.145096e-01    1.782159e+00    1.930453e+00   -1.140575e-01    0.000000e+00
  -2.374934e-01    1.988867e+00    7.463354e-02    6.780994e-02    1.059572e+00    5.358576e-01   -1.764399e-01    2.274813e-01    1.000000e+00
  -2.374934e-01   -4.067639e-01   -3.286494e-01    1.934098e-01   -7.223602e-01   -7.733886e-01   -7.429737e-01   -7.117502e-01    0.000000e+00
  -1.143217e+00    1.806921e+00    9.820202e-01    1.449408e+00    3.821566e+00    1.404492e+00   -7.460360e-01   -6.263656e-01    1.000000e+00
   1.272046e+00    9.881606e-01    4.779165e-01    6.958093e-01   -7.223602e-01    3.230140e-02   -6.925785e-02    9.959434e-01    1.000000e+00
  -1.143217e+00    4.810279e-02    1.754543e-01   -1.313789e+00   -7.223602e-01    5.232687e-01   -6.357916e-01    1.593636e+00    1.000000e+00
   6.682303e-01    2.079841e+00    1.183662e+00   -1.313789e+00   -7.223602e-01    4.225575e-01   -5.745447e-01    2.789022e+00    1.000000e+00
  -5.394013e-01   -1.013253e+00   -5.302909e-01    3.190097e-01   -5.798056e-01   -4.712548e-01    9.198795e-01   -9.679043e-01    0.000000e+00
   1.573954e+00    1.473352e+00    2.762750e-01    6.330093e-01   -7.223602e-01    1.492614e+00   -1.917516e-01    8.251740e-01    1.000000e+00
   1.875862e+00   -6.190350e-01    3.770958e-01    1.700608e+00    8.813786e-01    9.524593e-02   -9.022156e-01    2.532868e+00    0.000000e+00
  -8.413092e-01   -8.616306e-01    7.463354e-02    6.330093e-01   -7.223602e-01   -2.194767e-01   -4.612380e-01   -8.825196e-01    0.000000e+00
